4 1 5
4 2 6
5 4 9
4 6 10
3 6 9
5 3 8
3 2 5
4 3 7
6 1 7
2 3 5
3 6 9
4 3 7
6 1 7
3 1 4
5 6 11
2 2 4
2 5 7
5 3 8
5 1 6
5 2 7
1 1 2
3 6 9
4 1 5
3 2 5
4 1 5
4 2 6
2 2 4
6 4 10
2 1 3
1 4 5
1 3 4
6 2 8
3 3 6
6 4 10
2 1 3
4 5 9
2 5 7
1 1 2
2 4 6
5 5 10
3 1 4
2 4 6
2 6 8
6 6 12
5 1 6
6 3 9
5 1 6
1 4 5
1 6 7
2 1 3
1 5 6
5 3 8
2 4 6
6 3 9
6 5 11
1 4 5
2 2 4
6 6 12
1 2 3
5 3 8
2 6 8
4 1 5
6 6 12
5 1 6
3 3 6
5 2 7
1 3 4
4 4 8
1 4 5
1 4 5
5 3 8
5 6 11
5 1 6
1 3 4
1 1 2
3 4 7
6 5 11
4 6 10
6 3 9
2 1 3
4 5 9
5 3 8
5 5 10
2 4 6
3 1 4
4 2 6
1 1 2
3 5 8
1 4 5
2 5 7
5 1 6
6 2 8
6 6 12
1 2 3
4 3 7
4 4 8
2 5 7
5 6 11
4 2 6
6 6 12
